853074030693056533
850932501304442901
857028953800441906
853079095322607637
857080616657616926
853073960806645790
853073192737439744
850932566491398163
848816866365669377
850936935144620082
850293741159448576
848812345277939722
853074089299017778
853074310481444894
857029027461595136
848813598822236160
849009818458259546
853079226709835786
854445210196901938
858497099468374027
848812425406185502
850293765776212019
848813773924859955
849009866244096032
848952821956739083
857037841291935744
850932643423059988
856755790068187156
854282940464365578
850293418885513276
853074282086137876
848811423719358505
853079153255383040
853074154935549992
853073256940437554
857072949944778802
853079047953055804
858588202604560404
853074121764110356
848997708969803806
853073932889096242
853447532956483584
857030468133322752
853079011848355860
850293488830775336
858574997168980008
850293544361918495
848812150881255466
853073992042283028
855551185321852964
858503954579980308
849009890009940038
854282968767791134
855551227151515679
849009346905243678
857030513033740360
858503227023687695
857032663990534144
850932611417505843
848812275477118996
853074243737485372
850932768301121606
857037338924154900
850293719810048041
854445181411524638
854282878783717376
857038130782797824
