472911936951156740
762741700883251210
116275390695079945
190099991052681216
651095740390834176
474982930712625155
768602397663952929
750999017969680414
756676048120315984
840360064040042496
823988455712227338
742955300331716658
815417011500744725
791616377432571906
646100137302818836
252128902418268161
289929771633082379
632995277606748180
821388954363756615
496813025379221516
631222567465648160
803415783572111392
622190685130457108
856528410431455263
734775931834728449
662777584219717654
643215078317096992
851270711824875563
816568982907256882
772163298871214080
797249507632087062
728001769644359760
807035669230649374
815314051894083644
827790775847878666
854886200271437864
671532479697387582
562264116119601152
354420576124928000
811659336669331517
794763359798427649
847950556655910912
858447809236434975
523245553887477771
284035252408680448
595673144862179328
844598173674504262
627252153483788338
480573608293564417
403419413904228352
747300581311381535
837486516594278400
718314380651003927
752653110689923215
599265884346777619
393655091363577857
857640628996931625
797130407627194368
663555820121751562
541703672422334464
681245341151920272
857119149419790347
580099762984845418
813817749305294919
673027280595058688
395385545326592010
784851514941636638
819987555264757813
595767751126286346
415645200275341322
553232132852416527
821473834640605184
805293643119984640
235088799074484224
795796648819294249
470390664572436490
728468011165679626
665143322599358485
759584967272693781
846200910543847444
764336107122589696
834377619859570698
723590214588563539
792099320807292938
797702007276306452
393800355210723340
838932880356016148
789992104348614656
531224746906615809
773246133043724289
691636277770190859
536997330436489261
690774023847673877
722982021764350025
529151598249902100
828735260581691453
617218148046864408
451141598626054144
693555206323175475
765402851022602240
270273128691662849
493716749342998541
821546561145274379
841734242403614771
294882584201003009
707646286622490745
750492716709970010
652314328137072642
813178393511198802
696573239459053571
824142001112350770
825372902748454952
184405311681986560
510365051945746432
849428816954392606
835114754446983218
836334742802530374
780139145854582796
270904126974590976
848314768380264468
457194432249462794
847547198946279484
816921672019869716
499314264281186308
855262885805293570
777981735354105866
850272347466366987
590668800815267840
770385221777752066
809582913460633631
802725997031850016
775457011705839686
485963900987113513
662500884231487488
594182350384922644
220656726859448322
766801837269057556
474009865346613258
528821252450811904
852317255693369385
716145720419155980
708713891533946972
809195428415275018
653938999420911636
727561068234407948
715246386240684083
698961598446043147
830641526232711188
346353957029019648
490336387825139712
707667414963191842
803030130447613973
742354708399783997
773487641798115358
741097475896770652
734990211032809582
790390643230244875
766043412196884540
779629755200569355
805073573528993843
580147988018495488
832007206794035282
302050872383242240
735117834644095027
710007437528268910
827376979082346497
769317270480486401
734236720756949054
614925532316041262
739309595314487307
823769725065756682
853503068180316221
664508672713424926
490387112965701633
693145730059075605
722848103635484762
842938066440159232
703353705704980560
411958653185425419
535780515614294023
282859044593598464
408785106942164992
593429099846828032
806991153266032650
839622047021137920
809068691911868416
852264163476373564
739019343790211123
799022932516405309
734871104299991121
842809186768912454
792002944760807445
817647802480853003
762935085695369256
774456261621710861
803069975727570956
745692796375269396
759865211204272209
474329681458495508
405435469531185162
853122080005685278
729431075939549276
539183416671862785
675839174942654465
750308792553570374
776842356435189760
831523391102124042
362432628336623618
491769129318088714
824471860435222538
846836257014153216
375838331923202058
727943670506061886
780717832086093825
805191467622072362
545390897916018709
704726264749097100
487419796816789505
236940269650575363
843606483466846250
778498224033366066
829851518496538664
586021080402100280
471441296117071923
811421928011071558
836622564621025350
851855000757862442
608326682985889798
235148962103951360
713844025836306583
349107677097492480
172002275412279296
825823112779530240
769642427895513118
651539788884869133
780509818531872780
803780895092768769
500081467494498314
814288543206998028
837871493579931648
214027725323763712
797238766606483506
832898076771352578
853858024988999700
587027997991764080
155149108183695360
766910641352867855
508042878619222026
731713778931990599
732025461923643433
809021410429108255
741350701262962771
722602120351711342
746401364988526625
811401622240231485
540375678961319957
556269992098922530
349289613593935893
852667323394555954
707409888640368691
852240868017963068
801931043094396949
606312049798152204
659410303267897355
707442969057427506
845818298867908639
664319851875270705
854576717494878219
694151942536036362
716115385786826803
471862090739613696
574757343749865484
711923433273032784
700016645791547493
668661716149600277
747540569873711196
697608816350593047
411916947773587456
748165019530952724
530902359497506836
811744929596178473
724685565160718478
445290161874665474
718056695145824256
817137458672173096
827368517450858546
617891347764084746
757717865154740274
456879242261561404
773635497548841000
422087909634736160
530565959098826753
745640476417458307
852171406418116648
791395534224359464
692095847126663259
820294595790635018
733687015018725418
775440869352144897
798676182102573136
636749615017885706
640045616155852800
617053719095279623
711667815907721276
838817780597391400
807552393289007124
467468477742186496
753269632227475589
791122232813289483
776574887628111872
616967174677987368
846840230904070154
758822426170622004
830019619543973899
726556833640218624
742035487434211399
563434444321587202
688571315115917335
819741273140887563
438057969251254293
484848522773135370
160244163743449090
702241600507609239
785191539143737356
753697489957421056
548649266743083029
301197192385921024
531510026989469714
740686488316018719
475558105896321032
821520382250057809
468917951546916865
800114482126127135
186650735285370880
829463966551375952
518508212169867294
823540136725446668
670820572183396354
729452243514032159
801301171867222056
534589798267224065
779850080429670400
777356695314628640
695179470537097226
779536458918264844
834519082631561278
760495768435032174
621394555438235678
761362833882480681
515724794973650954
858169376086425610
710945068638273638
280497242714931202
697579306599317565
728819717984485416
784229618612699217
778850591866224640
854205212675276810
753044348538454087
766686910805835826
800125390466187356
849477892727242772
796680419956752394
195693159664058378
814010175581061131
255011594151395331
722356698597294151
775591169626865665
854512062733352970
457668491042881546
829876803534848010
759067251865026610
519516090506674196
852997937122770985
834578805451522109
770410524680519751
779073443958095902
646937666251915264
662395177771597884
662338848465879065
226901735476690944
791386491372175402
767488046269595649
653805276595617811
488302311261601793
782475396775542806
781420753056432163
850279637384298508
159985870458322944
462016457681928197
736707789782777908
838547558522945587
852602495267110952
472859420045344779
755878665778364427
810248147296976908
667862744518885426
728413484869746760
779260388733747242
778778280119631882
825162166184181810
742207262713577674
732357113736855682
776840717594787910
827825424544563261
398315803809677312
770056406770253825
814927027794346045
804595559255900172
725596503254761563
276060004262477825
784669776211214346
283305183201591296
439205512425504771
834112241862574150
699320244748943411
615854015611404309
391663991388241920
848707294812307496
760994827327373344
845053646412841012
750058534078513273
624397073453940766
812503598470397952
665384594543214592
674996950269034506
392366599287603200
721598591226871858
239631525350604801
383102938740031500
794452293751275520
804046766738505760
707740998624608297
820376418206220309
494687932620210186
837095160227168267
614238289582620692
755487768255266856
750184158185127978
829897766343409675
404738710886678538
811042929040687177
843935717319376947
706894725403377746
547905866255433758
773749570432925718
499595256270946326
754833376229195888
761706464816791583
848722286244265994
850815893508194384
853697312425246721
838985281579253812
732850782570807328
814868348054667274
775749494834593822
762433190127206450
700393164560924844
822318105329139713
596433334070935582
849803617530675220
726493403889795154
840311320477827083
788872813439483905
761025436397862973
708179620503093249
661425556906311680
711643516811345972
359786678224683008
767031780703862834
837957117729570828
701229585622106162
703293450421797084
688361849850429466
598568876598624256
727562710358687825
705249831190528113
417163916813008897
691638927572074567
829866355414401054
759881458575474758
737539715854761994
714287980155633665
710611456684720169
776993155823566858
752608729681231913
346343557130354688
780651982687699005
771960982641311745
589182598866010152
812950433579925504
738925347751460875
739975703403036772
850899917693517835
834871412627865650
821210829676216351
705471899974631554
787211439889711104
744883471004205147
822592760056905748
831545915813789788
816661988662444073
809795033195872316
416128265460121602
234395307759108106
735333134803009629
409016661983887380
743319603203145808
481940545803911180
794455257031507969
665281716448919563
832525161034940488
793170457746604053
239514789301321729
749537298751815763
666956518511345684
680128396126322861
585798521916096558
797310866855821346
781181040177184789
792130884668751893
850936714280042527
711456977670373416
661712176901259275
854153471485804575
740756074700734565
743213597064298606
672278094190608387
481670777595232258
833374742533767249
831246867907346473
852194141646618634
457253084410937365
793637838670266368
692086965193015306
229239317896101888
778062087661944892
736541111862034463
424606447867789312
840759414000320522
409258262249209857
667130441664561165
754579718170214451
797285926049021983
545051153289969675
422171821769621514
785536989797679108
785631428440096768
790821578434674719
160513694260920321
699134309738479666
771535767813095454
829413200985325668
702626141474783312
761373121164738611
713636379212382238
773058695495942175
641482192538566686
849997336930680862
762741797800771594
746623397680644134
704481870636646485
733880254061609012
851239600625025024
752602689850048681
781713159235960872
714198130924454029
761046538813833247
640718237964697600
742500896734183516
765989361811456040
834657022397513728
742504413016359042
700748082752782446
800509036529057824
838749000512962602
786229883843248149
756295048232173659
695010834082037790
292953664492929025
546514467932864543
670170830587691008
725329175023583274
618243431072006154
756359636847689831
155670291341639680
754505037882982400
725782300989587558
847558973686677535
512696036284825603
690644375557898242
817531839391727626
746947384457560165
694550113657290844
463206948721000448
744387668720353291
767158402177695805
725968569317326888
349565885851238400
816056713748152340
804785976802279485
616102673896177664
537022021670928405
642961803806244875
764531760645537812
756409407805456394
526124711189676057
703314282552623215
841831007611387964
829218397685809183
794434135925325864
787047168593625130
202252645975457793
444734610677694464
680842232324292677
765691430186254366
789324311570808834
744319856421109762
508472027808530443
814566545291477012
760495766372089916
783892509901717564
782783152329719848
790088385984725002
681970469460901889
838098321360289842
799850690763292722
346437977242730496
168511852295356416
710618403039084605
846269139407863839
762311323409186896
775530636228165643
309410687988400130
838842711255547974
764676745114157076
843761123874439208
786682934865166397
853352373526331402
833389609042968616
840643421056008202
803298645033877505
768724036120739840
827041567411011625
792060520885911552
712785820150399136
738448953502072842
738070107498217482
668989829098504193
