848810661675794463
858648507821064234
858648373108408341
858648148242202645
858648027208089613
858647853298352129
858576618322657281
858576441997262879
858576268072714241
858549436668837890
858548286755438653
858548005514248213
858223467480612915
858179608859901962
858168357383700482
858168267458084865
858168148599898164
858167802685947935
858167628392562708
858094314226712614
858094145931051019
858093989604098069
857885258551787520
857829620639858719
857729386409230357
857180982627794944
857180697567690763
857180281769295893
857133560507269121
857119878656819241
856764888232099850
856764861623304223
856764813632077835
854859398039863327
854478917838831637
854478824459862099
851517887843008564
851353991085293568
851350207232999435
851220025771163658
851183377570856961
850935332668702773
850474155610865684
850473807378644993
850387792273866823
850383833052086273
850381936593207298
850186317009649666
850186031299035137
850168793497600000
849496160203702302
849490215642071041
849489967063629845
849489852088188929
849489716378206219
849489589298266122
849489080861458443
849486832688693260
849482142970675210
849482109555048457
848980716585746452
848980656763699201
848980525569146920
848980439964450836
848977962170187806
848977864476852254
848975937507819591
848975844479074355
848975237198643210
848975086895628348
848965444965498900
851777023629721620
848965329484644352
848965163210244097
848965041772691486
848964716515688540
849478421356347472
848964086833348629
848964037239635968
848963921623646298
848963860873347112
848963787209834538
848963756549341236
848963713972305941
849478380009160724
852635303515521044
852628599210901554
848963326234329139
850399954559041536
849478661823266857
849030537242214473
849478773090025483
848985450747658321
848960614469861448
848963185242931290
852645258399711302
850884401969889302
848963010122612788
850294388318797894
857053209046548510
850292203489198110
856353203163103232
850292348805578762
848985101269860415
848962700457279489
848817419568545804
851220726781837353
848817095901839390
848814421337571399
